3976
83
819
3765
463
1209
3622
2023
4209
930
3535
1950
3364
3164
1028
2788
4404
2787
488
1459
2984
2716
1533
628
2386
3993
4696
165
2079
420
2527
2236
3164
4882
1076
2563
3090
92
2589
2912
602
4608
3001
277
1747
669
3793
1062
4544
2706
739
3254
2648
1492
3142
1261
3550
192
1379
1470
1513
3458
4943
3789
3402
1299
3785
3482
2088
3464
4697
4313
198
2575
857
3376
4715
1256
3880
1718
200
3634
620
4372
4680
4273
4588
1673
1741
4815
4013
2899
3712
1120
1400
2143
4664
4211
1874
449
1884
312
3973
1080
3008
1426
3056
73
635
4766
1545
2294
1311
4661
1270
2878
2838
571
4108
4129
1710
2113
1741
2273
4451
1799
601
4077
1176
3714
3711
504
4381
3432
4833
4888
4661
4540
1365
3255
1217
4515
1039
1975
3270
1719
1589
4051
4850
3521
4304
4093
103
2745
3739
4771
3570
1701
1629
1210
825
3979
3897
1921
1055
1042
2912
2879
4827
1381
3217
3298
4206
854
2913
2194
1074
4766
4002
2732
211
1550
4227
2655
4409
4617
401
1637
4692
63
1319
2960
2912
155
2430
2238
619
4117
920
2229
3807
3709
4223
3469
304
1007
4887
4249
4831
1545
3697
3803
2698
3896
1000
4275
4751
1243
2512
1437
641
1275
3186
4764
63
257
386
4052
3423
676
1576
1957
3847
1774
3925
1501
2326
759
2351
3402
4730
1152
1806
3148
1366
2515
263
4016
4155
3154
2486
4375
1606
4482
1588
2532
524
4458
3406
47
621
835
826
4156
4968
1741
4956
924
4970
4498
1950
3993
3891
4109
1707
4489
4469
38
3399
2548
4994
1370
4896
269
3189
2201
351
4364
186
1394
977
2867
2352
2305
2781
3895
326
2649
3179
4625
2559
4339
4045
4657
1205
3492
484
2496
2776
2099
3062
486
1060
859
53
4250
939
557
967
2768
1390
593
738
3577
3521
4082
1642
1587
1328
2811
4163
1820
1859
3774
4988
656
2325
240
4063
4696
1717
2854
1588
3087
3331
492
1808
1493
2252
3530
2957
4768
1682
411
3235
1967
3601
468
1136
2123
1851
3896
1169
4964
2935
1242
3627
2286
870
4397
1926
699
1494
1271
1051
3535
4004
2651
247
3030
2275
149
4335
2798
4854
4395
139
1448
539
3022
2054
1858
4104
1941
2846
2821
1686
1623
152
2089
1864
4522
623
2855
1605
2258
3275
412
4360
4700
2962
951
222
3105
4848
1703
4561
3370
111
3540
1104
2179
1747
2847
2343
68
1595
4552
3425
3230
1850
2382
2499
3157
1166
2752
4525
1481
1193
2597
1121
4726
2088
839
61
1104
1637
999
2093
1143
3260
3315
1513
1612
986
4685
2775
2775
512
1537
663
3722
1987
1130
2850
581
3451
2064
1939
2096
2177
3081
2178
2514
2420
1377
92
909
2787
1239
3431
597
2460
2282
4970
3534
869
887
2172
1481
4977
1750
969
4656
1934
2398
2740
958
2988
4479
2652
4572
4059
4996
3966
179
1138
3999
4192
4608
4594
1866
4988
4272
3105
67
1263
4705
1160
4316
4711
2565
4892
459
2118
427
2112
2522
580
22
3637
4133
2921
3307
3587
3858
1537
2463
3315
4791
2397
1870
1695
2563
1887
3112
1762
1696
1551
1868
1135
3034
4798
3671
4768
88
4680
3601
2879
3540
3067
3615
3419
4170
971
461
3944
1681
686
4246
3529
3799
1390
1369
1919
2841
871
2329
3571
4006
3664
416
972
3712
3886
604
4335
4249
3539
3499
4178
2935
4584
4775
1724
3781
3451
2524
1593
1426
4167
81
1011
2304
3338
2336
1644
3429
1753
1927
4217
2352
31
3872
4875
2651
2644
4707
284
368
1126
4695
3142
2186
69
595
4215
1615
4644
3138
4390
3346
736
2145
4839
3583
4405
3668
374
1551
3959
906
2497
1612
4282
1827
2905
712
4899
4073
1138
3743
2240
1226
301
4472
1939
3825
2235
2744
3120
30
3785
3615
2537
871
1616
2885
4033
1292
3245
3976
4333
3733
1409
221
2198
1530
2903
3242
2689
3504
1715
571
2000
648
1107
4510
1845
367
1645
581
1433
2630
3431
3929
2120
3882
4075
3412
211
20
1678
3608
829
2161
4409
3507
4816
81
2274
409
922
3993
55
4615
3314
3214
1615
1889
4764
2105
1041
3666
4646
2665
2543
1704
302
2479
3100
3315
2455
4491
3031
2669
1826
3107
4742
4838
1238
2599
4693
1764
3093
1236
4659
2440
2576
3816
616
3906
2268
2186
3648
3106
3979
3012
3961
3163
4618
2706
3206
2338
1981
3958
2954
1431
962
2385
2789
207
3472
1776
652
2165
2411
4276
574
3411
3005
104
4128
1486
1864
4193
1048
269
843
4925
3690
3814
4146
1579
221
3532
4393
2356
4783
4134
3282
3229
1478
191
1027
409
435
492
1535
1484
695
4702
2438
551
159
4515
3577
1720
475
2787
2910
2686
588
1037
3694
3974
1061
1893
1555
2119
2771
56
4493
1440
130
4776
3625
3937
460
1455
3759
557
3733
4359
4231
3988
1377
3596
1421
706
4954
2674
1882
1997
1224
596
2641
442
1496
2052
4348
3541
3937
4415
3712
639
210
999
422
382
890
4639
1261
4019
4027
2354
3952
1228
1806
4706
2598
2465
472
850
2164
98
3174
2496
216
4533
2136
3183
2442
3407
2107
219
1620
4317
647
3592
3779
378
3175
1040
4815
316
1413
2862
2969
3869
1644
1413
3636
1790
4453
1883
3069
3088
2252
3615
2465
2713
783
888
3245
2707
2198
2853
1912
3809
735
4634
582
3213
928
2221
4290
4432
1034
1849
3684
312
4526
1347
2890
723
4547
653
3954
224
2149
3531
2066
2031
1127
1066
4594
2287
2794
2109
3117
3559
950
4160
3134
2009
832
423
862
2233
2593
3637
2054
403
4931
2153
3186
4436
2998
2523
3159
1545
3899
1689
1660
2203
2569
3550
2086
4861
2626
2003
1638
3924
3731
126
4361
366
3212
882
